
result for distance cost vs trace cost
-------------------------------------------

cov trace
====================000

 Plan from  region s1 to region c1 : read right to left 
-----------------------------------------------
wp13 <- wp38 <- wp40 <- wp10 <- wp42 <- wp4 <- wp44 <- wp58 <- wp0
--------------------------------------------------------------------------------------
wp14 <- wp47 <- wp46 <- wp48 <- wp50 <- wp2 <- wp52 <- wp61 <- wp60 <- wp59 <- wp44 <- wp58 <- wp0
--------------------------------------------------------------------------------------
 Plan from  region c1 to region l1 : read right to left 
-----------------------------------------------
wp19 <- wp70 <- wp71 <- wp72 <- wp20 <- wp45 <- wp14

===========================
covariance evolution
===========================

cov_cost wp13 = 10.6213
 
 
estimated_cov wp13 = 2.16406, 1.22506, 0.316201,
                    1.22506, 0.846376, 0.197116,
                    0.316201, 0.197116, 0.0519394
 
 
estimated pose wp13 = 22.425, -17.575, 0
     real pose wp13 = 22.425, -17.575, 0
 
 
cov_cost wp38 = 7.5589
 
 
estimated_cov wp38 = 1.37786, 0.201676, 0.245109,
                    0.201676, 0.11627, 0.042238,
                    0.245109, 0.042238, 0.0492077
 
 
estimated pose wp38 = 19.375, -16.175, -1.02558
     real pose wp38 = 19.375, -16.175, -1.02558
 
 
cov_cost wp40 = 6.01556
 
 
estimated_cov wp40 = 0.129938, 0.0138742, 0.0261782,
                    0.0138742, 0.139409, 0.0541364,
                    0.0261782, 0.0541364, 0.036553
 
 
estimated pose wp40 = 19.625, -11.575, 2.74515
     real pose wp40 = 19.625, -11.575, 2.74515
 
 
cov_cost wp10 = 5.70966
 
 
estimated_cov wp10 = 0.116054, -0.038777, 0.0173935,
                    -0.038777, 0.0411544, -0.0073564,
                    0.0173935, -0.0073564, 0.0210245
 
 
estimated pose wp10 = 17.525, -11.275, 3.14
     real pose wp10 = 17.525, -11.275, 3.14
 
 
cov_cost wp42 = 5.53143
 
 
estimated_cov wp42 = 0.118174, -0.041243, -0.017922,
                    -0.041243, 0.0415278, 0.00806241,
                    -0.017922, 0.00806241, 0.00378992
 
 
estimated pose wp42 = 19.4287, -6.91476, -0.306218
     real pose wp42 = 19.625, -6.925, -0.249822
 
 
cov_cost wp4 = 5.36794
 
 
estimated_cov wp4 = 1.74337, 0.441616, 0.27556,
                    0.441616, 0.391582, 0.0272184,
                    0.27556, 0.0272184, 0.0663871
 
 
estimated pose wp4 = 17.525, -4.975, 3.14
     real pose wp4 = 17.525, -4.975, 3.14
 
 
cov_cost wp44 = 3.1666
 
 
estimated_cov wp44 = 0.653966, 0.639516, 0.135346,
                    0.639516, 0.711221, 0.13304,
                    0.135346, 0.13304, 0.0400476
 
 
estimated pose wp44 = 19.525, -2.325, 2.89479
     real pose wp44 = 19.525, -2.325, 2.89479
 
 
cov_cost wp58 = 1.76137
 
 
estimated_cov wp58 = 0.0783691, 0.150359, 0.0355962,
                    0.150359, 0.439882, 0.0984232,
                    0.0355962, 0.0984232, 0.0231163
 
 
estimated pose wp58 = 18.3567, 1.04156, 1.3329
     real pose wp58 = 18.125, 0.325, 1.40596
 
 
cov_cost wp0 = 1.22
 
 
estimated_cov wp0 = 0.6, 0, 0,
                     0, 0.6, 0,
                    0, 0, 0.02
 
 
estimated pose wp0 = 14.775, 0.325, -1.57
     real pose wp0 = 14.775, 0.325, -1.57
 
 

--------------------------------------------------------------------------------------
cov_cost wp14 = 8.82884
 
 
estimated_cov wp14 = 0.039423, -0.0130446, 0.00953182,
                    -0.0130446, 0.0148154, -0.00472145,
                    0.00953182, -0.00472145, 0.0169652
 
 
estimated pose wp14 = 27.525, -17.575, 3.14
     real pose wp14 = 27.525, -17.575, 3.14
 
 
cov_cost wp47 = 8.75764
 
 
estimated_cov wp47 = 0.0170263, -0.00313015, -0.00259688,
                    -0.00313015, 0.00951051, 0.00222226,
                    -0.00259688, 0.00222226, 0.00162985
 
 
estimated pose wp47 = 29.3541, -14.3801, -1.26098
     real pose wp47 = 29.325, -14.375, -1.18037
 
 
cov_cost wp46 = 8.72947
 
 
estimated_cov wp46 = 0.0110107, 0.00272262, 0.000702988,
                    0.00272262, 0.00821235, 0.000662006,
                    0.000702988, 0.000662006, 0.00040157
 
 
estimated pose wp46 = 29.1247, -16.5734, -1.61202
     real pose wp46 = 29.525, -16.675, -1.49876
 
 
cov_cost wp48 = 8.70985
 
 
estimated_cov wp48 = 0.0254127, 0.0104949, 0.0032938,
                    0.0104949, 0.0179279, 0.00375905,
                    0.0032938, 0.00375905, 0.00157739
 
 
estimated pose wp48 = 29.6136, -11.9148, -2.47439
     real pose wp48 = 29.625, -12.075, -2.38808
 
 
cov_cost wp50 = 8.66493
 
 
estimated_cov wp50 = 0.0680233, 0.0471557, 0.0140344,
                    0.0471557, 0.0525417, 0.0115569,
                    0.0140344, 0.0115569, 0.00390552
 
 
estimated pose wp50 = 29.4683, -7.41593, -1.20777
     real pose wp50 = 29.525, -7.425, -1.17288
 
 
cov_cost wp2 = 8.54046
 
 
estimated_cov wp2 = 0.0337849, 0.016037, -0.00461825,
                    0.016037, 0.0460776, -0.00694689,
                    -0.00461825, -0.00694689, 0.00216209
 
 
estimated pose wp2 = 27.5037, -4.99673, 3.10539
     real pose wp2 = 27.525, -4.975, 3.14
 
 
cov_cost wp52 = 8.45844
 
 
estimated_cov wp52 = 0.137039, -0.0109339, 0.0349425,
                    -0.0109339, 0.0824754, 0.00122266,
                    0.0349425, 0.00122266, 0.0156193
 
 
estimated pose wp52 = 29.775, -2.825, -2.66388
     real pose wp52 = 29.775, -2.825, -2.66388
 
 
cov_cost wp61 = 8.2233
 
 
estimated_cov wp61 = 0.0294059, -0.0274873, 0.00612638,
                    -0.0274873, 0.131962, -0.0234953,
                    0.00612638, -0.0234953, 0.00518637
 
 
estimated pose wp61 = 27.5336, -0.212, -3.16402
     real pose wp61 = 27.275, 0.375, -3.04578
 
 
cov_cost wp60 = 8.05675
 
 
estimated_cov wp60 = 0.261126, 0.46613, 0.0324099,
                    0.46613, 3.02501, 0.368574,
                    0.0324099, 0.368574, 0.0593854
 
 
estimated pose wp60 = 24.225, 0.0250004, 2.34944
     real pose wp60 = 24.225, 0.0250004, 2.34944
 
 
cov_cost wp59 = 4.71122
 
 
estimated_cov wp59 = 0.24194, 0.274371, 0.00852913,
                    0.274371, 1.27037, 0.206715,
                    0.00852913, 0.206715, 0.0474354
 
 
estimated pose wp59 = 21.175, 0.475, 2.07592
     real pose wp59 = 21.175, 0.475, 2.07592
 
 
cov_cost wp44 = 3.15148
 
 
estimated_cov wp44 = 0.640464, 0.632038, 0.133857,
                    0.632038, 0.709612, 0.13286,
                    0.133857, 0.13286, 0.0400376
 
 
estimated pose wp44 = 19.525, -2.325, 2.89479
     real pose wp44 = 19.525, -2.325, 2.89479
 
 
cov_cost wp58 = 1.76137
 
 
estimated_cov wp58 = 0.0783691, 0.150359, 0.0355962,
                    0.150359, 0.439882, 0.0984232,
                    0.0355962, 0.0984232, 0.0231163
 
 
estimated pose wp58 = 18.3627, 0.991442, 1.33603
     real pose wp58 = 18.125, 0.325, 1.40596
 
 
cov_cost wp0 = 1.22
 
 
estimated_cov wp0 = 0.6, 0, 0,
                     0, 0.6, 0,
                    0, 0, 0.02
 
 
estimated pose wp0 = 14.775, 0.325, -1.57
     real pose wp0 = 14.775, 0.325, -1.57
 
 

--------------------------------------------------------------------------------------
cov_cost wp19 = 0.938831
 
 
estimated_cov wp19 = 0.0214512, -0.0735956, 0.0130575,
                    -0.0735956, 0.519765, -0.087089,
                    0.0130575, -0.087089, 0.0198557
 
 
estimated pose wp19 = 15.675, -22.875, -1.57
     real pose wp19 = 15.675, -22.875, -1.57
 
 
cov_cost wp70 = 0.377759
 
 
estimated_cov wp70 = 0.0106528, -0.00677439, 0.00251716,
                    -0.00677439, 0.0782086, -0.0206036,
                    0.00251716, -0.0206036, 0.0127312
 
 
estimated pose wp70 = 19.775, -22.225, -1.63196
     real pose wp70 = 19.775, -22.225, -1.63196
 
 
cov_cost wp71 = 0.276167
 
 
estimated_cov wp71 = 0.00926489, -0.000861843, 0.00046599,
                    -0.000861843, 0.0343333, 0.00509201,
                    0.00046599, 0.00509201, 0.00170832
 
 
estimated pose wp71 = 22.6033, -21.9992, -0.139519
     real pose wp71 = 22.625, -22.075, -0.126984
 
 
cov_cost wp72 = 0.23086
 
 
estimated_cov wp72 = 0.016, -0.0144676, 0.0044542,
                    -0.0144676, 0.051245, -0.0129286,
                    0.0044542, -0.0129286, 0.0157219
 
 
estimated pose wp72 = 25.475, -21.925, 1.85571
     real pose wp72 = 25.475, -21.925, 1.85571
 
 
cov_cost wp20 = 0.147893
 
 
estimated_cov wp20 = 0.0102057, 0.000770225, 0.00125037,
                    0.000770225, 0.00648682, 0.000165531,
                    0.00125037, 0.000165531, 0.00056566
 
 
estimated pose wp20 = 28.9776, -21.068, -1.66859
     real pose wp20 = 28.825, -20.975, -1.57
 
 
cov_cost wp45 = 0.130635
 
 
estimated_cov wp45 = 0.0433206, -0.00366448, 0.0070274,
                    -0.00366448, 0.0142632, -0.000956708,
                    0.0070274, -0.000956708, 0.00202134
 
 
estimated pose wp45 = 29.5953, -18.9808, -2.72426
     real pose wp45 = 29.575, -18.975, -2.70686
 
 
cov_cost wp14 = 0.0710298
 
 
estimated_cov wp14 = 0.0396284, -0.0126293, 0.00947918,
                     -0.0126293, 0.0145566, -0.004757,
                    0.00947918, -0.004757, 0.0168448
 
 
estimated pose wp14 = 27.525, -17.575, 3.14
     real pose wp14 = 27.525, -17.575, 3.14
 
 


---------------------------------------------------------
==================================================
 Plan from  region s1 to region c1 : read right to left 
-----------------------------------------------
wp13 <- wp38 <- wp40 <- wp10 <- wp42 <- wp4 <- wp44 <- wp58 <- wp0
--------------------------------------------------------------------------------------
wp14 <- wp46 <- wp48 <- wp50 <- wp2 <- wp52 <- wp61 <- wp60 <- wp59 <- wp44 <- wp58 <- wp0
--------------------------------------------------------------------------------------
 Plan from  region c1 to region l1 : read right to left 
-----------------------------------------------
wp19 <- wp70 <- wp37 <- wp13


cov_cost wp19 = 21.1933
 
 
estimated_cov wp19 = 7.28145, -2.1145, 0.669032,
                    -2.1145, 1.07249, -0.252767,
                    0.669032, -0.252767, 0.0762908
 
 
estimated pose wp19 = 15.675, -22.875, -1.57
     real pose wp19 = 15.675, -22.875, -1.57
 
 
cov_cost wp70 = 12.7631
 
 
estimated_cov wp70 = 6.44173, 0.599106, 0.621808,
                    0.599106, 0.221044, 0.0451022,
                    0.621808, 0.0451022, 0.0691663
 
 
estimated pose wp70 = 19.775, -22.225, -1.63196
     real pose wp70 = 19.775, -22.225, -1.63196
 
 
cov_cost wp37 = 6.03115
 
 
estimated_cov wp37 = 2.74313, 0.266018, 0.364482,
                    0.266018, 0.193831, 0.0142231,
                    0.364482, 0.0142231, 0.0653059
 
 
estimated pose wp37 = 19.325, -18.475, -0.163334
     real pose wp37 = 19.325, -18.475, -0.163334
 
 
cov_cost wp13 = 3.02888
 
 
estimated_cov wp13 = 2.13363, 1.2197, 0.311844,
                     1.2197, 0.843996, 0.19553,
                    0.311844, 0.19553, 0.0512577
 
 
estimated pose wp13 = 22.425, -17.575, 0
     real pose wp13 = 22.425, -17.575, 0
 
==========================================
Minimum distance path
==========================================

 Plan from  region s1 to region c1 : read right to left 
-----------------------------------------------
wp13 <- wp38 <- wp40 <- wp10 <- wp42 <- wp4 <- wp44 <- wp58 <- wp0
--------------------------------------------------------------------------------------
wp14 <- wp47 <- wp46 <- wp48 <- wp50 <- wp2 <- wp52 <- wp61 <- wp60 <- wp59 <- wp44 <- wp58 <- wp0
--------------------------------------------------------------------------------------
 Plan from  region c1 to region l1 : read right to left 
-----------------------------------------------
wp19 <- wp70 <- wp37 <- wp13


 
