cov_cost wp17 = 30.6798
 
 
estimated_cov wp17 = 0.0257009, -0.00983483, 0.00380337,
                    -0.00983483, 0.0142821, -0.00212148,
                    0.00380337, -0.00212148, 0.00103618
 
 
estimated pose wp17 = 2.77781, -18.0393, -0.171481
     real pose wp17 = 2.425, -17.575, 0
 
 
cov_cost wp23 = 30.6387
 
 
estimated_cov wp23 = 0.0241457, 0.000465133, -0.00349236,
                    0.000465133, 0.0177627, -0.000794706,
                    -0.00349236, -0.000794706, 0.00143312
 
 
estimated pose wp23 = -0.313183, -15.8279, 0.781384
     real pose wp23 = -0.225, -15.775, 0.834919
 
 
cov_cost wp24 = 30.5954
 
 
estimated_cov wp24 = 0.0329595, 0.00830123, -0.0157616,
                    0.00830123, 0.033113, -0.0141641,
                    -0.0157616, -0.0141641, 0.0118274
 
 
estimated pose wp24 = -0.16641, -12.4457, 0.755718
     real pose wp24 = -0.125, -12.375, 0.761527
 
 
cov_cost wp27 = 30.5175
 
 
estimated_cov wp27 = 6.22744, -4.491, 0.777871,
                    -4.491, 5.17088, -0.553933,
                    0.777871, -0.553933, 0.111903
 
 
estimated pose wp27 = 0.925, -7.925, 1.62474
     real pose wp27 = 0.925, -7.925, 1.62474
 
 
cov_cost wp29 = 19.0073
 
 
estimated_cov wp29 = 1.66284, -2.18699, 0.363239,
                    -2.18699, 4.85988, -0.528018,
                    0.363239, -0.528018, 0.0967287
 
 
estimated pose wp29 = 1.175, -3.925, 1.09844
     real pose wp29 = 1.175, -3.925, 1.09844
 
 
cov_cost wp57 = 12.3878
 
 
estimated_cov wp57 = 0.209283, -0.258481, 0.0349941,
                    -0.258481, 4.77025, -0.523522,
                    0.0349941, -0.523522, 0.0828301
 
 
estimated pose wp57 = 1.225, -0.275, 1.21902
     real pose wp57 = 1.225, -0.275, 1.21902
 
 
cov_cost wp58 = 7.32546
 
 
estimated_cov wp58 = 0.160287, -0.00536, -0.00112704,
                    -0.00536, 2.18808, -0.295959,
                    -0.00112704, -0.295959, 0.0582639
 
 
estimated pose wp58 = 4.375, 0.225, 2.57529
     real pose wp58 = 4.375, 0.225, 2.57529
 
 
cov_cost wp59 = 4.91883
 
 
estimated_cov wp59 = 0.147516, 0.0733174, -0.0343823,
                    0.0733174, 0.540408, -0.120814,
                    -0.0343823, -0.120814, 0.0426248
 
 
estimated pose wp59 = 8.325, 0.975, -2.30795
     real pose wp59 = 8.325, 0.975, -2.30795
 
 
cov_cost wp36 = 4.18828
 
 
estimated_cov wp36 = 0.551339, -0.245761, 0.119497,
                    -0.245761, 0.132159, -0.0552294,
                    0.119497, -0.0552294, 0.0270144
 
 
estimated pose wp36 = 10.3881, -3.86561, 0.116412
     real pose wp36 = 9.875, -3.675, 0.145456
 
 
cov_cost wp35 = 3.47777
 
 
estimated_cov wp35 = 1.37246, -0.384666, 0.142421,
                    -0.384666, 0.174367, -0.0390254,
                    0.142421, -0.0390254, 0.0247491
 
 
estimated pose wp35 = 10.675, -5.425, 1.66231
     real pose wp35 = 10.675, -5.425, 1.66231
 
 
cov_cost wp37 = 1.90619
 
 
estimated_cov wp37 = 0.551354, -0.226676, 0.0824407,
                    -0.226676, 0.121494, -0.0355034,
                    0.0824407, -0.0355034, 0.0133461
 
 
estimated pose wp37 = 10.8894, -1.77397, -2.82575
     real pose wp37 = 10.575, -1.725, -2.77241
 
 
cov_cost wp0 = 1.22
 
 
estimated_cov wp0 = 0.6, 0, 0,
                     0, 0.6, 0,
                    0, 0, 0.02
 
 
estimated pose wp0 = 14.775, 0.325, -1.57
     real pose wp0 = 14.775, 0.225, -1.57
 
 

--------------------------------------------------------------------------------------
cov_cost wp18 = 9.09219
 
 
estimated_cov wp18 = 0.131424, -0.0546978, 0.030384,
                    -0.0546978, 0.117004, -0.0290887,
                    0.030384, -0.0290887, 0.0248454
 
 
estimated pose wp18 = 7.525, -17.575, 3.14
     real pose wp18 = 7.525, -17.575, 3.14
 
 
cov_cost wp31 = 8.81891
 
 
estimated_cov wp31 = 0.034741, 0.00442018, -0.00399333,
                    0.00442018, 0.0177336, -0.00105333,
                    -0.00399333, -0.00105333, 0.00139572
 
 
estimated pose wp31 = 10.0149, -14.5218, 1.65122
     real pose wp31 = 10.225, -14.375, 1.80787
 
 
cov_cost wp32 = 8.76504
 
 
estimated_cov wp32 = 0.0463835, -0.00437555, -0.0108476,
                    -0.00437555, 0.0156078, 0.000397345,
                    -0.0108476, 0.000397345, 0.00346902
 
 
estimated pose wp32 = 9.05251, -11.7109, 2.21799
     real pose wp32 = 9.025, -11.675, 2.23087
 
 
cov_cost wp12 = 8.69958
 
 
estimated_cov wp12 = 0.141066, -0.0159277, -0.0431332,
                    -0.0159277, 0.0228899, 0.00557649,
                    -0.0431332, 0.00557649, 0.0141697
 
 
estimated pose wp12 = 6.96314, -11.2247, 3.07764
     real pose wp12 = 7.525, -11.275, 3.14
 
 
cov_cost wp34 = 8.52146
 
 
estimated_cov wp34 = 1.83452, -0.649494, 0.221145,
                    -0.649494, 0.310026, -0.0915223,
                    0.221145, -0.0915223, 0.0479649
 
 
estimated pose wp34 = 9.525, -7.775, -0.262279
     real pose wp34 = 9.525, -7.775, -0.262279
 
 
cov_cost wp33 = 6.32895
 
 
estimated_cov wp33 = 2.00755, -0.433022, 0.23728,
                    -0.433022, 0.160802, -0.0491683,
                    0.23728, -0.0491683, 0.032992
 
 
estimated pose wp33 = 10.575, -8.175, -0.149196
     real pose wp33 = 10.575, -8.175, -0.149196
 
 
cov_cost wp36 = 4.1276
 
 
estimated_cov wp36 = 0.509478, -0.233846, 0.110707,
                    -0.233846, 0.13012, -0.0528161,
                    0.110707, -0.0528161, 0.025175
 
 
estimated pose wp36 = 10.4509, -3.87013, 0.105878
     real pose wp36 = 9.875, -3.675, 0.145456
 
 
cov_cost wp35 = 3.46283
 
 
estimated_cov wp35 = 1.33152, -0.422044, 0.139678,
                    -0.422044, 0.20024, -0.0444108,
                    0.139678, -0.0444108, 0.0248712
 
 
estimated pose wp35 = 10.675, -5.425, 1.66231
     real pose wp35 = 10.675, -5.425, 1.66231
 
 
cov_cost wp37 = 1.90619
 
 
estimated_cov wp37 = 0.551354, -0.226676, 0.0824407,
                    -0.226676, 0.121494, -0.0355034,
                    0.0824407, -0.0355034, 0.0133461
 
 
estimated pose wp37 = 11.221, -1.91643, -2.8767
     real pose wp37 = 10.575, -1.725, -2.77241
 
 
cov_cost wp0 = 1.22
 
 
estimated_cov wp0 = 0.6, 0, 0,
                     0, 0.6, 0,
                    0, 0, 0.02
 
 
estimated pose wp0 = 14.775, 0.325, -1.57
     real pose wp0 = 14.775, 0.225, -1.57
 
 

--------------------------------------------------------------------------------------
cov_cost wp15 = 0.658038
 
 
estimated_cov wp15 = 0.123181, 0.0249245, 0.0134651,
                    0.0249245, 0.0825618, 0.0179319,
                    0.0134651, 0.0179319, 0.0132719
 
 
estimated pose wp15 = 12.425, -17.575, 0
     real pose wp15 = 12.425, -17.575, 0
 
 
cov_cost wp31 = 0.439023
 
 
estimated_cov wp31 = 0.131902, 0.031287, -0.0202899,
                    0.031287, 0.0297682, -0.00565894,
                    -0.0202899, -0.00565894, 0.00408003
 
 
estimated pose wp31 = 10.2354, -14.4421, 1.67865
     real pose wp31 = 10.225, -14.375, 1.80787
 
 
cov_cost wp18 = 0.273273
 
 
estimated_cov wp18 = 0.131424, -0.0546978, 0.030384,
                     -0.0546978, 0.117004, -0.0290887,
                    0.030384, -0.0290887, 0.0248454
 
 
estimated pose wp18 = 7.525, -17.575, 3.14
     real pose wp18 = 7.525, -17.575, 3.14
 
 

--------------------------------------------------------------------------------------
cov_cost wp16 = 3.70248
 
 
estimated_cov wp16 = 0.265523, 0.0564614, -0.0615676,
                    0.0564614, 0.0832669, -0.0203378,
                    -0.0615676, -0.0203378, 0.0219666
 
 
estimated pose wp16 = 17.525, -17.575, 3.14
     real pose wp16 = 17.525, -17.575, 3.14
 
 
cov_cost wp39 = 3.33172
 
 
estimated_cov wp39 = 0.138794, -0.00120715, -0.0377383,
                    -0.00120715, 0.0535526, 0.00150568,
                    -0.0377383, 0.00150568, 0.0148453
 
 
estimated pose wp39 = 18.625, -18.775, 0.324069
     real pose wp39 = 18.625, -18.775, 0.324069
 
 
cov_cost wp76 = 3.12453
 
 
estimated_cov wp76 = 0.0217754, -0.00446617, 0.00519541,
                    -0.00446617, 0.0200351, -0.00532825,
                    0.00519541, -0.00532825, 0.00308911
 
 
estimated pose wp76 = 18.0571, -22.3431, -2.12841
     real pose wp76 = 17.975, -22.175, -2.05846
 
 
cov_cost wp75 = 3.07963
 
 
estimated_cov wp75 = 0.0278166, 0.00652921, -0.0155247,
                    0.00652921, 0.045434, -0.0118191,
                    -0.0155247, -0.0118191, 0.0156501
 
 
estimated pose wp75 = 14.725, -21.425, 2.91842
     real pose wp75 = 14.725, -21.425, 2.91842
 
 
cov_cost wp19 = 2.99073
 
 
estimated_cov wp19 = 0.00523598, 0.00290424, 0.00429193,
                    0.00290424, 0.0241342, 0.00287551,
                    0.00429193, 0.00287551, 0.0043322
 
 
estimated pose wp19 = 15.7874, -22.8577, -1.57306
     real pose wp19 = 15.675, -22.875, -1.57
 
 
cov_cost wp74 = 2.95703
 
 
estimated_cov wp74 = 0.0233897, 0.0394431, 0.00887897,
                    0.0394431, 0.195596, 0.0407472,
                    0.00887897, 0.0407472, 0.00933305
 
 
estimated pose wp74 = 11.3687, -22.0253, 0.244808
     real pose wp74 = 11.225, -22.575, 0.324701
 
 
cov_cost wp73 = 2.72871
 
 
estimated_cov wp73 = 0.0289754, 0.027259, 0.00542808,
                    0.027259, 0.157732, 0.0261363,
                    0.00542808, 0.0261363, 0.00529575
 
 
estimated pose wp73 = 9.82192, -22.7682, -2.00195
     real pose wp73 = 9.875, -22.925, -1.88982
 
 
cov_cost wp72 = 2.53671
 
 
estimated_cov wp72 = 0.77271, -0.553483, 0.157789,
                    -0.553483, 0.673668, -0.152972,
                    0.157789, -0.152972, 0.044822
 
 
estimated pose wp72 = 6.975, -21.525, -1.69094
     real pose wp72 = 6.975, -21.525, -1.69094
 
 
cov_cost wp30 = 1.04551
 
 
estimated_cov wp30 = 0.20879, -0.0465486, 0.0370214,
                    -0.0465486, 0.145207, -0.0386743,
                    0.0370214, -0.0386743, 0.0322181
 
 
estimated pose wp30 = 9.625, -18.725, 1.99803
     real pose wp30 = 9.625, -18.725, 1.99803
 
 
cov_cost wp15 = 0.65929
 
 
estimated_cov wp15 = 0.123903, 0.0254236, 0.0137136,
                    0.0254236, 0.0830517, 0.0180751,
                    0.0137136, 0.0180751, 0.0133123
 
 
estimated pose wp15 = 12.425, -17.575, 0
     real pose wp15 = 12.425, -17.575, 0
 
 
cov_cost wp31 = 0.439023
 
 
estimated_cov wp31 = 0.131902, 0.031287, -0.0202899,
                    0.031287, 0.0297682, -0.00565894,
                    -0.0202899, -0.00565894, 0.00408003
 
 
estimated pose wp31 = 10.23, -14.4303, 1.69336
     real pose wp31 = 10.225, -14.375, 1.80787
 
 
cov_cost wp18 = 0.273273
 
 
estimated_cov wp18 = 0.131424, -0.0546978, 0.030384,
                     -0.0546978, 0.117004, -0.0290887,
                    0.030384, -0.0290887, 0.0248454
 
 
estimated pose wp18 = 7.525, -17.575, 3.14
     real pose wp18 = 7.525, -17.575, 3.14
 
 

--------------------------------------------------------------------------------------
cov_cost wp13 = 3.49846
 
 
estimated_cov wp13 = 0.303119, -0.20992, -0.057959,
                    -0.20992, 0.284707, 0.0586673,
                    -0.057959, 0.0586673, 0.0160634
 
 
estimated pose wp13 = 22.425, -17.575, 0
     real pose wp13 = 22.425, -17.575, 0
 
 
cov_cost wp39 = 2.89457
 
 
estimated_cov wp39 = 0.149638, -3.48882e-05, -0.0397202,
                    -3.48882e-05, 0.0546932, 0.000910875,
                    -0.0397202, 0.000910875, 0.015054
 
 
estimated pose wp39 = 18.625, -18.775, 0.324069
     real pose wp39 = 18.625, -18.775, 0.324069
 
 
cov_cost wp76 = 2.67518
 
 
estimated_cov wp76 = 0.0216717, -0.00442366, 0.00516326,
                    -0.00442366, 0.0199886, -0.00530012,
                    0.00516326, -0.00530012, 0.00307288
 
 
estimated pose wp76 = 18.1154, -22.4576, -2.17557
     real pose wp76 = 17.975, -22.175, -2.05846
 
 
cov_cost wp75 = 2.63045
 
 
estimated_cov wp75 = 0.0270254, 0.0058929, -0.0153745,
                    0.0058929, 0.0444534, -0.0111146,
                    -0.0153745, -0.0111146, 0.0156786
 
 
estimated pose wp75 = 14.725, -21.425, 2.91842
     real pose wp75 = 14.725, -21.425, 2.91842
 
 
cov_cost wp19 = 2.54329
 
 
estimated_cov wp19 = 0.00525985, 0.0028715, 0.00432238,
                    0.0028715, 0.024159, 0.00285,
                    0.00432238, 0.00285, 0.00436932
 
 
estimated pose wp19 = 15.7364, -22.8515, -1.57033
     real pose wp19 = 15.675, -22.875, -1.57
 
 
cov_cost wp74 = 2.5095
 
 
estimated_cov wp74 = 0.0231148, 0.0387683, 0.00872348,
                    0.0387683, 0.193672, 0.0403315,
                    0.00872348, 0.0403315, 0.00924228
 
 
estimated pose wp74 = 11.3104, -22.1963, 0.273411
     real pose wp74 = 11.225, -22.575, 0.324701
 
 
cov_cost wp73 = 2.28348
 
 
estimated_cov wp73 = 0.0289665, 0.027243, 0.00542581,
                    0.027243, 0.157661, 0.0261242,
                    0.00542581, 0.0261242, 0.00529366
 
 
estimated pose wp73 = 9.85267, -22.7869, -1.98651
     real pose wp73 = 9.875, -22.925, -1.88982
 
 
cov_cost wp72 = 2.09155
 
 
estimated_cov wp72 = 0.769395, -0.552324, 0.157381,
                    -0.552324, 0.673539, -0.152895,
                    0.157381, -0.152895, 0.0447816
 
 
estimated pose wp72 = 6.975, -21.525, -1.69094
     real pose wp72 = 6.975, -21.525, -1.69094
 
 
cov_cost wp30 = 0.603839
 
 
estimated_cov wp30 = 0.207444, -0.0463865, 0.0367265,
                    -0.0463865, 0.145202, -0.0387044,
                    0.0367265, -0.0387044, 0.0321777
 
 
estimated pose wp30 = 9.625, -18.725, 1.99803
     real pose wp30 = 9.625, -18.725, 1.99803
 
 
cov_cost wp15 = 0.219015
 
 
estimated_cov wp15 = 0.123181, 0.0249245, 0.0134651,
                     0.0249245, 0.0825618, 0.0179319,
                    0.0134651, 0.0179319, 0.0132719
 
 
estimated pose wp15 = 12.425, -17.575, 0
     real pose wp15 = 12.425, -17.575, 0
 
 

--------------------------------------------------------------------------------------
cov_cost wp14 = 3.8608
 
 
estimated_cov wp14 = 0.0367806, -0.00289173, 0.000109835,
                    -0.00289173, 0.0456425, -0.0123738,
                    0.000109835, -0.0123738, 0.0221521
 
 
estimated pose wp14 = 27.525, -17.575, 3.14
     real pose wp14 = 27.525, -17.575, 3.14
 
 
cov_cost wp49 = 3.75623
 
 
estimated_cov wp49 = 0.0126226, -0.00452075, -0.000817283,
                    -0.00452075, 0.0234895, 0.00296728,
                    -0.000817283, 0.00296728, 0.000843538
 
 
estimated pose wp49 = 29.8706, -17.4332, -0.826056
     real pose wp49 = 29.525, -17.325, -0.610182
 
 
cov_cost wp20 = 3.71927
 
 
estimated_cov wp20 = 0.0278847, -0.0618414, -0.0125367,
                    -0.0618414, 0.466479, 0.0910382,
                    -0.0125367, 0.0910382, 0.0186715
 
 
estimated pose wp20 = 28.792, -20.8628, -1.65486
     real pose wp20 = 28.825, -20.975, -1.57
 
 
cov_cost wp79 = 3.20624
 
 
estimated_cov wp79 = 0.0550223, -0.0161325, -0.00678994,
                    -0.0161325, 0.122947, 0.0285942,
                    -0.00678994, 0.0285942, 0.0161247
 
 
estimated pose wp79 = 25.725, -22.025, 2.88972
     real pose wp79 = 25.725, -22.025, 2.88972
 
 
cov_cost wp78 = 3.01214
 
 
estimated_cov wp78 = 0.0143317, -0.00398159, 0.000864311,
                    -0.00398159, 0.0367867, -0.00529423,
                    0.000864311, -0.00529423, 0.00170362
 
 
estimated pose wp78 = 22.1056, -22.8425, -2.8045
     real pose wp78 = 22.075, -22.825, -2.75809
 
 
cov_cost wp77 = 2.95932
 
 
estimated_cov wp77 = 0.0223666, -0.00980957, 0.00245071,
                    -0.00980957, 0.0421199, -0.00582023,
                    0.00245071, -0.00582023, 0.00170172
 
 
estimated pose wp77 = 21.0759, -23.395, -1.33094
     real pose wp77 = 21.025, -22.925, -1.20944
 
 
cov_cost wp39 = 2.89313
 
 
estimated_cov wp39 = 0.142424, 2.51942e-05, -0.0384731,
                    2.51942e-05, 0.0538247, 0.000926256,
                    -0.0384731, 0.000926256, 0.0149715
 
 
estimated pose wp39 = 18.625, -18.775, 0.324069
     real pose wp39 = 18.625, -18.775, 0.324069
 
 
cov_cost wp76 = 2.68191
 
 
estimated_cov wp76 = 0.0217694, -0.00445702, 0.0051987,
                    -0.00445702, 0.0199316, -0.00529762,
                    0.0051987, -0.00529762, 0.00308237
 
 
estimated pose wp76 = 18.1114, -22.379, -2.14845
     real pose wp76 = 17.975, -22.175, -2.05846
 
 
cov_cost wp75 = 2.63713
 
 
estimated_cov wp75 = 0.0263621, 0.00608961, -0.0148217,
                    0.00608961, 0.0451083, -0.0119987,
                    -0.0148217, -0.0119987, 0.015707
 
 
estimated pose wp75 = 14.725, -21.425, 2.91842
     real pose wp75 = 14.725, -21.425, 2.91842
 
 
cov_cost wp19 = 2.54995
 
 
estimated_cov wp19 = 0.00528444, 0.00285029, 0.00435263,
                    0.00285029, 0.0241972, 0.00283399,
                    0.00435263, 0.00283399, 0.00440535
 
 
estimated pose wp19 = 15.789, -22.8004, -1.56745
     real pose wp19 = 15.675, -22.875, -1.57
 
 
cov_cost wp74 = 2.51606
 
 
estimated_cov wp74 = 0.0240775, 0.0411671, 0.00929879,
                    0.0411671, 0.198974, 0.0415699,
                    0.00929879, 0.0415699, 0.00953565
 
 
estimated pose wp74 = 11.2823, -22.3658, 0.291837
     real pose wp74 = 11.225, -22.575, 0.324701
 
 
cov_cost wp73 = 2.28348
 
 
estimated_cov wp73 = 0.0289665, 0.027243, 0.00542581,
                    0.027243, 0.157661, 0.0261242,
                    0.00542581, 0.0261242, 0.00529366
 
 
estimated pose wp73 = 9.80232, -22.706, -2.04637
     real pose wp73 = 9.875, -22.925, -1.88982
 
 
cov_cost wp72 = 2.09155
 
 
estimated_cov wp72 = 0.769395, -0.552324, 0.157381,
                    -0.552324, 0.673539, -0.152895,
                    0.157381, -0.152895, 0.0447816
 
 
estimated pose wp72 = 6.975, -21.525, -1.69094
     real pose wp72 = 6.975, -21.525, -1.69094
 
 
cov_cost wp30 = 0.603839
 
 
estimated_cov wp30 = 0.207444, -0.0463865, 0.0367265,
                    -0.0463865, 0.145202, -0.0387044,
                    0.0367265, -0.0387044, 0.0321777
 
 
estimated pose wp30 = 9.625, -18.725, 1.99803
     real pose wp30 = 9.625, -18.725, 1.99803
 
 
cov_cost wp15 = 0.219015
 
 
estimated_cov wp15 = 0.123181, 0.0249245, 0.0134651,
                     0.0249245, 0.0825618, 0.0179319,
                    0.0134651, 0.0179319, 0.0132719
 
 
estimated pose wp15 = 12.425, -17.575, 0
     real pose wp15 = 12.425, -17.575, 0
 
 

--------------------------------------------------------------------------------------
cov_cost wp11 = 3.95209
 
 
estimated_cov wp11 = 0.0321441, -0.0204173, -0.00600225,
                    -0.0204173, 0.0362581, 0.0073976,
                    -0.00600225, 0.0073976, 0.0023735
 
 
estimated pose wp11 = 2.39317, -11.2859, -0.00827264
     real pose wp11 = 2.425, -11.275, 0
 
 
cov_cost wp24 = 3.88131
 
 
estimated_cov wp24 = 0.0239421, -0.00333903, -0.00733336,
                    -0.00333903, 0.0126606, -0.0019414,
                    -0.00733336, -0.0019414, 0.0036813
 
 
estimated pose wp24 = -0.181803, -12.4312, 0.764092
     real pose wp24 = -0.125, -12.375, 0.761527
 
 
cov_cost wp23 = 3.84103
 
 
estimated_cov wp23 = 0.321263, 0.0792855, -0.0641491,
                    0.0792855, 0.0410274, -0.0165841,
                    -0.0641491, -0.0165841, 0.013668
 
 
estimated pose wp23 = -0.698473, -15.9231, 0.806806
     real pose wp23 = -0.225, -15.775, 0.834919
 
 
cov_cost wp22 = 3.46507
 
 
estimated_cov wp22 = 0.202432, 0.132605, -0.0353795,
                    0.132605, 0.195682, -0.0306062,
                    -0.0353795, -0.0306062, 0.0116443
 
 
estimated pose wp22 = -0.325, -18.225, 0.878614
     real pose wp22 = -0.325, -18.225, 0.878614
 
 
cov_cost wp21 = 3.05531
 
 
estimated_cov wp21 = 0.111053, 0.0664128, -0.0247735,
                    0.0664128, 0.115924, -0.0196075,
                    -0.0247735, -0.0196075, 0.00699039
 
 
estimated pose wp21 = 1.075, -19.575, 2.04747
     real pose wp21 = 1.075, -19.575, 2.04747
 
 
cov_cost wp70 = 2.82134
 
 
estimated_cov wp70 = 0.0151548, 0.00864889, -0.00343762,
                    0.00864889, 0.0500116, -0.0126124,
                    -0.00343762, -0.0126124, 0.00425345
 
 
estimated pose wp70 = 2.15043, -22.8552, 2.75348
     real pose wp70 = 2.125, -22.825, 2.76172
 
 
cov_cost wp69 = 2.75192
 
 
estimated_cov wp69 = 0.0192793, 0.0131328, -0.00507009,
                    0.0131328, 0.107178, -0.0351391,
                    -0.00507009, -0.0351391, 0.0123874
 
 
estimated pose wp69 = 1.26696, -22.3676, 2.43081
     real pose wp69 = 1.275, -21.525, 2.33896
 
 
cov_cost wp71 = 2.61308
 
 
estimated_cov wp71 = 0.0219214, -0.0289002, 0.00548603,
                    -0.0289002, 0.286809, -0.0494273,
                    0.00548603, -0.0494273, 0.00947807
 
 
estimated pose wp71 = 4.91748, -22.3897, -1.90898
     real pose wp71 = 4.925, -22.475, -1.69064
 
 
cov_cost wp73 = 2.29487
 
 
estimated_cov wp73 = 0.0269555, 0.0252609, 0.00516027,
                    0.0252609, 0.137458, 0.0232203,
                    0.00516027, 0.0232203, 0.00488753
 
 
estimated pose wp73 = 9.77304, -22.8159, -2.07203
     real pose wp73 = 9.875, -22.925, -1.88982
 
 
cov_cost wp72 = 2.12557
 
 
estimated_cov wp72 = 0.132097, -0.0618674, 0.0273841,
                    -0.0618674, 0.230753, -0.049615,
                    0.0273841, -0.049615, 0.0197854
 
 
estimated pose wp72 = 6.975, -21.525, -1.69094
     real pose wp72 = 6.975, -21.525, -1.69094
 
 
cov_cost wp30 = 1.74293
 
 
estimated_cov wp30 = 0.102158, -0.00413501, -0.0232811,
                    -0.00413501, 0.074266, -0.001664,
                    -0.0232811, -0.001664, 0.00718156
 
 
estimated pose wp30 = 9.625, -18.725, 1.99803
     real pose wp30 = 9.625, -18.725, 1.99803
 
 
cov_cost wp74 = 1.55933
 
 
estimated_cov wp74 = 0.0197621, 0.0086172, 0.00268245,
                    0.0086172, 0.0525882, 0.0094876,
                    0.00268245, 0.0094876, 0.00269328
 
 
estimated pose wp74 = 11.2119, -22.4197, 0.283141
     real pose wp74 = 11.225, -22.575, 0.324701
 
 
cov_cost wp75 = 1.48428
 
 
estimated_cov wp75 = 0.0263815, 0.00912336, -0.0155708,
                    0.00912336, 0.0605718, -0.0202696,
                    -0.0155708, -0.0202696, 0.0170805
 
 
estimated pose wp75 = 14.725, -21.425, 2.91842
     real pose wp75 = 14.725, -21.425, 2.91842
 
 
cov_cost wp19 = 1.38025
 
 
estimated_cov wp19 = 0.00669841, -0.00524958, 0.00572866,
                    -0.00524958, 0.0235902, -0.00515365,
                    0.00572866, -0.00515365, 0.00574156
 
 
estimated pose wp19 = 15.7187, -22.8252, -1.58283
     real pose wp19 = 15.675, -22.875, -1.57
 
 
cov_cost wp76 = 1.34422
 
 
estimated_cov wp76 = 0.11326, -0.110021, 0.053026,
                    -0.110021, 0.15406, -0.0642519,
                    0.053026, -0.0642519, 0.0292084
 
 
estimated pose wp76 = 18.2186, -22.4533, -2.07079
     real pose wp76 = 17.975, -22.175, -2.05846
 
 
cov_cost wp39 = 1.04769
 
 
estimated_cov wp39 = 0.234282, -0.0136902, -0.0300563,
                    -0.0136902, 0.178266, -0.0296914,
                    -0.0300563, -0.0296914, 0.0312514
 
 
estimated pose wp39 = 18.625, -18.775, 0.324069
     real pose wp39 = 18.625, -18.775, 0.324069
 
 
cov_cost wp13 = 0.603889
 
 
estimated_cov wp13 = 0.303119, -0.20992, -0.057959,
                     -0.20992, 0.284707, 0.0586673,
                    -0.057959, 0.0586673, 0.0160634
 
 
estimated pose wp13 = 22.425, -17.575, 0
     real pose wp13 = 22.425, -17.575, 0
 
 

--------------------------------------------------------------------------------------
cov_cost wp12 = 2.74207
 
 
estimated_cov wp12 = 0.0581105, 0.00667429, -0.0165209,
                    0.00667429, 0.013824, -0.0016658,
                    -0.0165209, -0.0016658, 0.00549507
 
 
estimated pose wp12 = 7.26087, -11.3036, 3.10805
     real pose wp12 = 7.525, -11.275, 3.14
 
 
cov_cost wp32 = 2.66464
 
 
estimated_cov wp32 = 0.0724854, 0.0219154, -0.0153752,
                    0.0219154, 0.0253459, -0.00599998,
                    -0.0153752, -0.00599998, 0.00393733
 
 
estimated pose wp32 = 7.90905, -12.0816, 2.34978
     real pose wp32 = 9.025, -11.675, 2.23087
 
 
cov_cost wp31 = 2.56287
 
 
estimated_cov wp31 = 0.401055, 0.123005, -0.0646052,
                    0.123005, 0.0612168, -0.0211241,
                    -0.0646052, -0.0211241, 0.0112872
 
 
estimated pose wp31 = 10.5389, -14.3245, 1.60292
     real pose wp31 = 10.225, -14.375, 1.80787
 
 
cov_cost wp15 = 2.08931
 
 
estimated_cov wp15 = 0.184632, -0.0879774, -0.0356006,
                    -0.0879774, 0.15392, 0.030227,
                    -0.0356006, 0.030227, 0.0127507
 
 
estimated pose wp15 = 12.425, -17.575, 0
     real pose wp15 = 12.425, -17.575, 0
 
 
cov_cost wp30 = 1.73801
 
 
estimated_cov wp30 = 0.0921538, -0.00191926, -0.0221447,
                    -0.00191926, 0.0719852, -0.00253528,
                    -0.0221447, -0.00253528, 0.00760432
 
 
estimated pose wp30 = 9.625, -18.725, 1.99803
     real pose wp30 = 9.625, -18.725, 1.99803
 
 
cov_cost wp74 = 1.56627
 
 
estimated_cov wp74 = 0.0199698, 0.00893851, 0.00275176,
                    0.00893851, 0.053536, 0.00968552,
                    0.00275176, 0.00968552, 0.00273448
 
 
estimated pose wp74 = 11.2679, -22.072, 0.182819
     real pose wp74 = 11.225, -22.575, 0.324701
 
 
cov_cost wp75 = 1.49003
 
 
estimated_cov wp75 = 0.0280044, 0.0105888, -0.0159526,
                    0.0105888, 0.0646045, -0.0218178,
                    -0.0159526, -0.0218178, 0.017078
 
 
estimated pose wp75 = 14.725, -21.425, 2.91842
     real pose wp75 = 14.725, -21.425, 2.91842
 
 
cov_cost wp19 = 1.38034
 
 
estimated_cov wp19 = 0.00666944, -0.00518847, 0.00570949,
                    -0.00518847, 0.0237219, -0.00510187,
                    0.00570949, -0.00510187, 0.00573237
 
 
estimated pose wp19 = 15.817, -22.8401, -1.5841
     real pose wp19 = 15.675, -22.875, -1.57
 
 
cov_cost wp76 = 1.34422
 
 
estimated_cov wp76 = 0.11326, -0.110021, 0.053026,
                    -0.110021, 0.15406, -0.0642519,
                    0.053026, -0.0642519, 0.0292084
 
 
estimated pose wp76 = 18.3267, -22.5328, -2.06846
     real pose wp76 = 17.975, -22.175, -2.05846
 
 
cov_cost wp39 = 1.04769
 
 
estimated_cov wp39 = 0.234282, -0.0136902, -0.0300563,
                    -0.0136902, 0.178266, -0.0296914,
                    -0.0300563, -0.0296914, 0.0312514
 
 
estimated pose wp39 = 18.625, -18.775, 0.324069
     real pose wp39 = 18.625, -18.775, 0.324069
 
 
cov_cost wp13 = 0.603889
 
 
estimated_cov wp13 = 0.303119, -0.20992, -0.057959,
                     -0.20992, 0.284707, 0.0586673,
                    -0.057959, 0.0586673, 0.0160634
 
 
estimated pose wp13 = 22.425, -17.575, 0
     real pose wp13 = 22.425, -17.575, 0
 
 

--------------------------------------------------------------------------------------
cov_cost wp9 = 0.344096
 
 
estimated_cov wp9 = 0.0863078, -0.0446505, -0.0137432,
                    -0.0446505, 0.113881, 0.0294096,
                    -0.0137432, 0.0294096, 0.00897512
 
 
estimated pose wp9 = 12.425, -11.275, 0
     real pose wp9 = 12.425, -11.275, 0
 
 
cov_cost wp32 = 0.134932
 
 
estimated_cov wp32 = 0.0417354, -0.00186131, -0.0100127,
                    -0.00186131, 0.0124423, 1.00912e-05,
                    -0.0100127, 1.00912e-05, 0.00332475
 
 
estimated pose wp32 = 8.99575, -11.7101, 2.19101
     real pose wp32 = 9.025, -11.675, 2.23087
 
 
cov_cost wp12 = 0.0774296
 
 
estimated_cov wp12 = 0.0581105, 0.00667429, -0.0165209,
                     0.00667429, 0.013824, -0.0016658,
                    -0.0165209, -0.0016658, 0.00549507
 
 
estimated pose wp12 = 7.26087, -11.3036, 3.10805
     real pose wp12 = 7.525, -11.275, 3.14
 
 

--------------------------------------------------------------------------------------
cov_cost wp10 = 57.0487
 
 
estimated_cov wp10 = 12.549, 2.96129, 1.21078,
                    2.96129, 2.86001, 0.233048,
                    1.21078, 0.233048, 0.14118
 
 
estimated pose wp10 = 17.525, -11.275, 3.14
     real pose wp10 = 17.525, -11.275, 3.14
 
 
cov_cost wp43 = 41.4985
 
 
estimated_cov wp43 = 7.46324, 3.92475, 0.904091,
                    3.92475, 4.00166, 0.450289,
                    0.904091, 0.450289, 0.124394
 
 
estimated pose wp43 = 19.225, -8.875, -0.858637
     real pose wp43 = 19.225, -8.875, -0.858637
 
 
cov_cost wp45 = 29.9092
 
 
estimated_cov wp45 = 1.83097, 2.23717, 0.361186,
                    2.23717, 4.86719, 0.56009,
                    0.361186, 0.56009, 0.119231
 
 
estimated pose wp45 = 20.125, -4.425, -2.833
     real pose wp45 = 20.125, -4.425, -2.833
 
 
cov_cost wp4 = 23.0918
 
 
estimated_cov wp4 = 2.23601, 1.4411, 0.422544,
                    1.4411, 2.70771, 0.270031,
                    0.422544, 0.270031, 0.104166
 
 
estimated pose wp4 = 17.525, -4.975, 3.14
     real pose wp4 = 17.525, -4.975, 3.14
 
 
cov_cost wp47 = 18.0439
 
 
estimated_cov wp47 = 0.271891, 0.306793, 0.0264779,
                    0.306793, 4.3926, 0.479446,
                    0.0264779, 0.479446, 0.0894078
 
 
estimated pose wp47 = 19.825, -0.625, -2.66472
     real pose wp47 = 19.825, -0.625, -2.66472
 
 
cov_cost wp46 = 13.29
 
 
estimated_cov wp46 = 0.508797, 1.10586, 0.139077,
                    1.10586, 5.08837, 0.533804,
                    0.139077, 0.533804, 0.0754929
 
 
estimated pose wp46 = 20.525, -2.075, 2.86903
     real pose wp46 = 20.525, -2.075, 2.86903
 
 
cov_cost wp62 = 7.61738
 
 
estimated_cov wp62 = 0.188083, 0.0228538, 0.00188526,
                    0.0228538, 2.10201, 0.292882,
                    0.00188526, 0.292882, 0.0601046
 
 
estimated pose wp62 = 16.925, -0.0249996, 2.16816
     real pose wp62 = 16.925, -0.0249996, 2.16816
 
 
cov_cost wp61 = 5.26718
 
 
estimated_cov wp61 = 0.180783, 0.0664626, 0.0129157,
                    0.0664626, 1.57098, 0.23773,
                    0.0129157, 0.23773, 0.0482406
 
 
estimated pose wp61 = 15.925, -0.225, -2.55703
     real pose wp61 = 15.925, -0.225, -2.55703
 
 
cov_cost wp0 = 3.46717
 
 
estimated_cov wp0 = 0.166813, -0.0289408, -0.00632161,
                    -0.0289408, 1.07906, 0.188568,
                    -0.00632161, 0.188568, 0.0397262
 
 
estimated pose wp0 = 14.775, 0.225, -1.57
     real pose wp0 = 14.775, 0.225, -1.57
 
 
cov_cost wp60 = 2.18158
 
 
estimated_cov wp60 = 0.148654, -0.0119095, -0.0315728,
                    -0.0119095, 0.111345, 0.0262388,
                    -0.0315728, 0.0262388, 0.0338464
 
 
estimated pose wp60 = 10.275, 0.925, 0.690834
     real pose wp60 = 10.275, 0.925, 0.690834
 
 
cov_cost wp59 = 1.88773
 
 
estimated_cov wp59 = 0.132098, 0.0519737, -0.0331731,
                    0.0519737, 0.130706, -0.0361738,
                    -0.0331731, -0.0361738, 0.0262519
 
 
estimated pose wp59 = 8.325, 0.975, -2.30795
     real pose wp59 = 8.325, 0.975, -2.30795
 
 
cov_cost wp37 = 1.59867
 
 
estimated_cov wp37 = 0.0450751, -0.0129685, 0.00640851,
                    -0.0129685, 0.021184, -0.00278716,
                    0.00640851, -0.00278716, 0.00190526
 
 
estimated pose wp37 = 10.5938, -1.71482, -2.81734
     real pose wp37 = 10.575, -1.725, -2.77241
 
 
cov_cost wp36 = 1.53051
 
 
estimated_cov wp36 = 0.0781773, -0.023744, 0.0142515,
                    -0.023744, 0.0298413, -0.00607069,
                    0.0142515, -0.00607069, 0.00364911
 
 
estimated pose wp36 = 9.98391, -3.65743, 0.127637
     real pose wp36 = 9.875, -3.675, 0.145456
 
 
cov_cost wp35 = 1.41884
 
 
estimated_cov wp35 = 0.569124, -0.0959169, -0.102787,
                    -0.0959169, 0.100741, 0.0241461,
                    -0.102787, 0.0241461, 0.0291209
 
 
estimated pose wp35 = 10.675, -5.425, 1.66231
     real pose wp35 = 10.675, -5.425, 1.66231
 
 
cov_cost wp34 = 0.719856
 
 
estimated_cov wp34 = 0.233846, -0.00620364, -0.0377178,
                    -0.00620364, 0.0605608, -0.00769628,
                    -0.0377178, -0.00769628, 0.0241787
 
 
estimated pose wp34 = 9.525, -7.775, -0.262279
     real pose wp34 = 9.525, -7.775, -0.262279
 
 
cov_cost wp33 = 0.401271
 
 
estimated_cov wp33 = 0.195987, -0.0379981, -0.0310975,
                    -0.0379981, 0.0611463, 0.00968209,
                    -0.0310975, 0.00968209, 0.00920572
 
 
estimated pose wp33 = 10.575, -8.175, -0.149196
     real pose wp33 = 10.575, -8.175, -0.149196
 
 
cov_cost wp32 = 0.134932
 
 
estimated_cov wp32 = 0.0417354, -0.00186131, -0.0100127,
                    -0.00186131, 0.0124423, 1.00912e-05,
                    -0.0100127, 1.00912e-05, 0.00332475
 
 
estimated pose wp32 = 8.93076, -11.7594, 2.12432
     real pose wp32 = 9.025, -11.675, 2.23087
 
 
cov_cost wp12 = 0.0774296
 
 
estimated_cov wp12 = 0.0581105, 0.00667429, -0.0165209,
                     0.00667429, 0.013824, -0.0016658,
                    -0.0165209, -0.0016658, 0.00549507
 
 
estimated pose wp12 = 7.26087, -11.3036, 3.10805
     real pose wp12 = 7.525, -11.275, 3.14
 
 

--------------------------------------------------------------------------------------
cov_cost wp7 = 66.5107
 
 
estimated_cov wp7 = 12.7417, 8.95316, 1.21667,
                    8.95316, 8.24475, 0.857613,
                    1.21667, 0.857613, 0.127535
 
 
estimated pose wp7 = 22.425, -11.275, 0
     real pose wp7 = 22.425, -11.275, 0
 
 
cov_cost wp43 = 45.3967
 
 
estimated_cov wp43 = 7.60083, 3.98715, 0.914683,
                    3.98715, 4.03006, 0.454968,
                    0.914683, 0.454968, 0.125189
 
 
estimated pose wp43 = 19.225, -8.875, -0.858637
     real pose wp43 = 19.225, -8.875, -0.858637
 
 
cov_cost wp45 = 33.6406
 
 
estimated_cov wp45 = 1.89003, 2.2851, 0.368241,
                    2.2851, 4.90466, 0.565484,
                    0.368241, 0.565484, 0.120026
 
 
estimated pose wp45 = 20.125, -4.425, -2.833
     real pose wp45 = 20.125, -4.425, -2.833
 
 
cov_cost wp4 = 26.7259
 
 
estimated_cov wp4 = 2.30307, 1.47252, 0.430037,
                    1.47252, 2.7225, 0.273359,
                    0.430037, 0.273359, 0.10496
 
 
estimated pose wp4 = 17.525, -4.975, 3.14
     real pose wp4 = 17.525, -4.975, 3.14
 
 
cov_cost wp47 = 21.5954
 
 
estimated_cov wp47 = 0.288803, 0.333012, 0.0305129,
                    0.333012, 4.4269, 0.484601,
                    0.0305129, 0.484601, 0.0902026
 
 
estimated pose wp47 = 19.825, -0.625, -2.66472
     real pose wp47 = 19.825, -0.625, -2.66472
 
 
cov_cost wp46 = 16.7894
 
 
estimated_cov wp46 = 0.539082, 1.14319, 0.144264,
                    1.14319, 5.13028, 0.539516,
                    0.144264, 0.539516, 0.0762877
 
 
estimated pose wp46 = 20.525, -2.075, 2.86903
     real pose wp46 = 20.525, -2.075, 2.86903
 
 
cov_cost wp62 = 11.0438
 
 
estimated_cov wp62 = 0.200439, 0.0356614, 0.00544337,
                    0.0356614, 2.11309, 0.295733,
                    0.00544337, 0.295733, 0.0608994
 
 
estimated pose wp62 = 16.925, -0.0249996, 2.16816
     real pose wp62 = 16.925, -0.0249996, 2.16816
 
 
cov_cost wp61 = 8.66937
 
 
estimated_cov wp61 = 0.194594, 0.0761233, 0.0166328,
                    0.0761233, 1.57716, 0.239786,
                    0.0166328, 0.239786, 0.0490354
 
 
estimated pose wp61 = 15.925, -0.225, -2.55703
     real pose wp61 = 15.925, -0.225, -2.55703
 
 
cov_cost wp0 = 6.84858
 
 
estimated_cov wp0 = 0.17744, -0.0240685, -0.00296221,
                    -0.0240685, 1.08155, 0.18971,
                    -0.00296221, 0.18971, 0.040521
 
 
estimated pose wp0 = 14.775, 0.225, -1.57
     real pose wp0 = 14.775, 0.225, -1.57
 
 
cov_cost wp60 = 5.54907
 
 
estimated_cov wp60 = 0.154966, -0.0204502, -0.0287698,
                    -0.0204502, 0.119661, 0.023804,
                    -0.0287698, 0.023804, 0.0346412
 
 
estimated pose wp60 = 10.275, 0.925, 0.690834
     real pose wp60 = 10.275, 0.925, 0.690834
 
 
cov_cost wp59 = 5.2398
 
 
estimated_cov wp59 = 0.138132, 0.0381663, -0.0304099,
                    0.0381663, 0.151539, -0.0401585,
                    -0.0304099, -0.0401585, 0.0270467
 
 
estimated pose wp59 = 8.325, 0.975, -2.30795
     real pose wp59 = 8.325, 0.975, -2.30795
 
 
cov_cost wp37 = 4.92308
 
 
estimated_cov wp37 = 0.0708031, -0.026456, 0.0107301,
                    -0.026456, 0.0283872, -0.0050884,
                    0.0107301, -0.0050884, 0.00263944
 
 
estimated pose wp37 = 10.5879, -1.67956, -2.83178
     real pose wp37 = 10.575, -1.725, -2.77241
 
 
cov_cost wp36 = 4.82125
 
 
estimated_cov wp36 = 0.149599, -0.0523561, 0.0296949,
                    -0.0523561, 0.0430274, -0.0122439,
                    0.0296949, -0.0122439, 0.00698339
 
 
estimated pose wp36 = 10.2839, -3.79025, 0.0810421
     real pose wp36 = 9.875, -3.675, 0.145456
 
 
cov_cost wp35 = 4.62164
 
 
estimated_cov wp35 = 1.12827, -0.413061, -0.141071,
                    -0.413061, 0.359057, 0.088412,
                    -0.141071, 0.088412, 0.0394757
 
 
estimated pose wp35 = 10.675, -5.425, 1.66231
     real pose wp35 = 10.675, -5.425, 1.66231
 
 
cov_cost wp6 = 3.09484
 
 
estimated_cov wp6 = 1.23061, 0.0455037, -0.156769,
                    0.0455037, 0.147568, -0.0214778,
                    -0.156769, -0.0214778, 0.0266014
 
 
estimated pose wp6 = 7.525, -4.975, 3.14
     real pose wp6 = 7.525, -4.975, 3.14
 
 
cov_cost wp33 = 1.69006
 
 
estimated_cov wp33 = 0.456676, -0.24029, -0.0784612,
                    -0.24029, 0.220862, 0.0531598,
                    -0.0784612, 0.0531598, 0.0181573
 
 
estimated pose wp33 = 10.575, -8.175, -0.149196
     real pose wp33 = 10.575, -8.175, -0.149196
 
 
cov_cost wp12 = 0.994361
 
 
estimated_cov wp12 = 0.0976646, -0.000343188, -0.0295319,
                    -0.000343188, 0.0206878, 0.000708187,
                    -0.0295319, 0.000708187, 0.00990501
 
 
estimated pose wp12 = 7.25405, -11.2729, 3.0609
     real pose wp12 = 7.525, -11.275, 3.14
 
 
cov_cost wp34 = 0.866104
 
 
estimated_cov wp34 = 0.45304, 0.0260488, -0.0650846,
                    0.0260488, 0.0601405, -0.00274142,
                    -0.0650846, -0.00274142, 0.0142653
 
 
estimated pose wp34 = 9.525, -7.775, -0.262279
     real pose wp34 = 9.525, -7.775, -0.262279
 
 
cov_cost wp32 = 0.338658
 
 
estimated_cov wp32 = 0.0935204, 0.024708, -0.0257773,
                    0.024708, 0.027743, -0.00870408,
                    -0.0257773, -0.00870408, 0.00823125
 
 
estimated pose wp32 = 8.92629, -11.7218, 2.07151
     real pose wp32 = 9.025, -11.675, 2.23087
 
 
cov_cost wp9 = 0.209164
 
 
estimated_cov wp9 = 0.0863078, -0.0446505, -0.0137432,
                     -0.0446505, 0.113881, 0.0294096,
                    -0.0137432, 0.0294096, 0.00897512
 
 
estimated pose wp9 = 12.425, -11.275, 0
     real pose wp9 = 12.425, -11.275, 0
 
 

--------------------------------------------------------------------------------------
cov_cost wp8 = 5.0594
 
 
estimated_cov wp8 = 0.48538, 0.00543042, -0.102668,
                    0.00543042, 0.0703735, -0.0109017,
                    -0.102668, -0.0109017, 0.0264901
 
 
estimated pose wp8 = 27.525, -11.275, 3.14
     real pose wp8 = 27.525, -11.275, 3.14
 
 
cov_cost wp50 = 4.47715
 
 
estimated_cov wp50 = 0.10033, -0.109627, -0.0398187,
                    -0.109627, 0.166907, 0.0540595,
                    -0.0398187, 0.0540595, 0.0189671
 
 
estimated pose wp50 = 30.1787, -13.8424, 0.204652
     real pose wp50 = 30.525, -14.325, 0.16936
 
 
cov_cost wp14 = 4.19095
 
 
estimated_cov wp14 = 0.038152, -0.0026772, -0.000702076,
                    -0.0026772, 0.0478262, -0.0128457,
                    -0.000702076, -0.0128457, 0.0221355
 
 
estimated pose wp14 = 27.525, -17.575, 3.14
     real pose wp14 = 27.525, -17.575, 3.14
 
 
cov_cost wp49 = 4.08284
 
 
estimated_cov wp49 = 0.0125214, -0.00466532, -0.000819852,
                    -0.00466532, 0.0234073, 0.0030051,
                    -0.000819852, 0.0030051, 0.000853565
 
 
estimated pose wp49 = 30.0063, -17.5566, -0.945167
     real pose wp49 = 29.525, -17.325, -0.610182
 
 
cov_cost wp20 = 4.04605
 
 
estimated_cov wp20 = 0.0282929, -0.0638634, -0.0129201,
